% codegen cnn.m -args {zeros(100, 60)}
function R = cnn(x) %#codegen 

n = 7; % number of layers
L2_out = 4; % number of outputs in layer 2
L2_in = 1; % number of inputs in layer 2
L4_out = 8; % number of outputs in layer 4
L4_in = 4; % number of inputs in layer 4
L6_out = 16; % number of outputs in layer 6
L6_in = 8; % number of inputs in layer 6

%% Layer 2
L2_K_out01_in01 = ...
[0.2784042298 0.1911594307 0.1072880994 -0.0187940227 -0.2181428165 ;  ...
-0.0025452798 0.0937540024 0.2229925958 0.2520793762 -0.0514568745 ;  ...
0.1743313789 -0.0846269245 0.2945503369 0.2593296355 0.1658852577 ;  ...
0.1099280453 0.2553970288 0.2022373700 0.0265371904 -0.1944487968 ;  ...
0.2538918374 0.0558909759 -0.0778082510 0.2072768143 -0.1643539594 ];

L2_b_out01 = -0.3360195755;

L2_K_out02_in01 = ...
[-0.1497159357 -0.2896170857 -0.1276951936 0.0821395610 0.0016972800 ;  ...
-0.2632781529 -0.0959281883 -0.0788791107 -0.4205192511 -0.0496211870 ;  ...
-0.1009044475 -0.2529374148 -0.2549885982 -0.1743916971 -0.2207477125 ;  ...
-0.1680010390 0.0388384530 -0.3217011224 -0.2397548145 -0.2188177437 ;  ...
-0.0525764268 -0.0092894301 0.0428283387 0.1121998152 -0.1284734645 ];

L2_b_out02 = 0.9402924406;

L2_K_out03_in01 = ...
[-0.1380389473 0.1245047471 0.0599427357 0.1352690659 0.1462609882 ;  ...
0.1418318295 0.0568311680 0.3130112030 0.0733337621 0.0395279238 ;  ...
-0.0041034860 0.2926078902 0.3064459195 0.0797302423 0.3013766037 ;  ...
0.0680447842 0.2575797673 0.1980062755 0.0736569541 0.1576090827 ;  ...
-0.1788482064 0.0640248527 0.1933096817 0.0800202356 -0.0019473794 ];

L2_b_out03 = -0.6564641765;

L2_K_out04_in01 = ...
[0.1172345455 0.1416318574 0.2008615743 -0.1956953463 0.0041188748 ;  ...
0.0875203538 0.2515689712 -0.0707338878 -0.2121068302 -0.1237151654 ;  ...
0.0765759918 0.0957084642 -0.0443080648 0.2092104868 -0.0083681382 ;  ...
0.2110299156 0.2787356390 0.2560918985 -0.0674867179 -0.1576331201 ;  ...
0.1913404578 -0.0170217638 0.2111961270 -0.0065416597 0.2656693639 ];

L2_b_out04 = -0.1230881721;


%% Layer 4
L4_K_out01_in01 = ...
[0.1328998200 -0.0492405781 -0.1112541973 -0.0165005304 -0.0062551560 ;  ...
0.0344434888 -0.0085586094 -0.1274484529 -0.0200500133 -0.1063180877 ;  ...
0.0424059226 0.0243117712 -0.0330263682 -0.2506667166 0.0271396580 ;  ...
0.0246496800 -0.0002248762 -0.0184253096 -0.0551456207 -0.1814211593 ;  ...
0.1208280257 0.1115431078 0.0062797986 -0.1248038562 0.1101752137 ];

L4_K_out01_in02 = ...
[0.2861677321 0.1586177126 0.2588854862 0.3128899146 0.0899599937 ;  ...
0.3583423898 0.3549797454 0.4347899987 0.2661852055 0.2914661304 ;  ...
0.3220122503 0.2862415585 0.3275548102 0.4779023481 0.3406125190 ;  ...
0.1820142040 0.4205717495 0.3300139776 0.3792328730 0.2409939130 ;  ...
0.1153377421 0.2588488402 0.3699390044 0.1448094650 0.2189937706 ];

L4_K_out01_in03 = ...
[0.0343780325 -0.0688831201 -0.0404797011 -0.1642824336 -0.0609892697 ;  ...
-0.1478229041 -0.0582024448 -0.2871638645 -0.1582893297 -0.0384640636 ;  ...
-0.1708561331 -0.2448991062 -0.3098865880 -0.1115908636 -0.0772314177 ;  ...
-0.0431073326 -0.2084009946 -0.2077290254 -0.0401530630 -0.0675649704 ;  ...
-0.0377919684 0.0559116513 0.0088634449 0.0518665124 -0.0394522135 ];

L4_K_out01_in04 = ...
[0.1593288781 -0.0635468037 -0.0774776974 -0.0984641184 -0.0782171633 ;  ...
0.1349313121 -0.0053592600 0.0558837839 -0.1398998047 0.0597523486 ;  ...
0.1465295610 0.0748050720 -0.1187727263 -0.1919791860 -0.1332433948 ;  ...
0.1113286769 0.1672081241 0.0888300772 -0.1390211366 -0.0950801600 ;  ...
0.1867857706 0.0567022341 0.1893517433 0.0928795670 0.2062208643 ];

L4_b_out01 = 0.2454545652;

L4_K_out02_in01 = ...
[-0.0562123528 0.0069718713 0.1186301559 0.0341337930 -0.1350683526 ;  ...
-0.0592595868 -0.0967654113 -0.0374179249 0.1613225115 0.0966252369 ;  ...
-0.0555382607 -0.1066783110 -0.0511656344 0.0951433624 0.0105127311 ;  ...
-0.0496882424 0.0021447875 0.1401615741 0.1452863150 0.1378118622 ;  ...
-0.0628194911 0.0926783163 -0.0681947427 -0.1267098881 0.0696235419 ];

L4_K_out02_in02 = ...
[0.0153276189 -0.0810813990 -0.0808653382 -0.1128984511 -0.0029755325 ;  ...
-0.1124561011 0.0044058701 -0.1244512686 -0.2280846783 -0.0928345638 ;  ...
-0.1764679493 -0.1157260771 -0.1561804901 -0.0716637564 -0.1808050404 ;  ...
-0.1678847924 -0.0114091019 -0.0070840327 -0.0776305669 -0.0614831324 ;  ...
-0.1300027228 -0.0790057830 -0.2257068293 0.0488684235 -0.0060057783 ];

L4_K_out02_in03 = ...
[-0.0575593764 0.1177789713 -0.0811662547 0.0011162414 -0.0181213594 ;  ...
-0.1282595211 0.1343048384 0.1617578950 0.1545204156 0.0493445902 ;  ...
0.0009454239 0.0155275038 0.0865966195 0.0104713318 -0.0058008956 ;  ...
0.0830242437 0.0738673978 0.0924673165 0.0938745063 -0.0007333716 ;  ...
0.0653818181 0.0714975472 -0.0550543279 -0.0128174105 0.0433028360 ];

L4_K_out02_in04 = ...
[0.0608238886 0.0431842435 0.0530082174 -0.1108751855 0.0736511437 ;  ...
-0.0558347915 0.0036066579 0.1544226773 0.0694104539 0.0591565836 ;  ...
-0.0391092777 0.0808840046 0.1082950422 -0.0090682562 0.1614638828 ;  ...
-0.0013829476 -0.0126917916 0.0656825620 -0.0852366923 0.1421044464 ;  ...
-0.0267177455 -0.1201950161 -0.0211893065 0.0094733389 -0.1368770989 ];

L4_b_out02 = -0.0700575119;

L4_K_out03_in01 = ...
[-0.0852701199 0.0387734774 0.0491906473 0.1993400143 0.1140252871 ;  ...
-0.0093195924 0.0998632873 0.1330733825 0.1402589550 0.0595242211 ;  ...
-0.0954096595 0.1646974682 0.1708397452 0.0343326567 0.2101253979 ;  ...
-0.0396073972 0.0559417563 -0.0860920267 0.1570206084 -0.0878877119 ;  ...
-0.2475425270 -0.0124754015 0.0847362554 -0.0192323698 -0.0213856325 ];

L4_K_out03_in02 = ...
[-0.1655093531 -0.2186627894 -0.3316958298 -0.1693676613 -0.2839562760 ;  ...
-0.0356225033 -0.2126415445 -0.1481360869 -0.3453391271 -0.3234241274 ;  ...
-0.1781428737 -0.2230594158 -0.1828184244 -0.3245498265 -0.2798701381 ;  ...
-0.0324573653 -0.1293026503 -0.1122618868 -0.1688493769 -0.1956351593 ;  ...
-0.1430621006 -0.0337021854 -0.0186104856 -0.1085355472 -0.1009936270 ];

L4_K_out03_in03 = ...
[0.1190208779 -0.0227665095 0.1971731663 0.0591755696 0.1569526381 ;  ...
0.0582480884 0.1962544791 0.1734626837 0.0376995118 -0.0303471039 ;  ...
-0.0278150089 0.2188262471 0.1875043280 0.2198961527 0.1755135902 ;  ...
-0.0401111559 0.0537986734 -0.0498058107 0.1609359741 0.0968507218 ;  ...
-0.0775869200 -0.1895542115 -0.0438240819 -0.0346887151 -0.0718701729 ];

L4_K_out03_in04 = ...
[-0.0203895774 -0.0910742137 -0.0796214209 -0.0119269928 0.1674634618 ;  ...
0.0827528273 0.0045726975 0.0006169056 0.0990147835 0.0160242198 ;  ...
-0.0212637528 -0.0393845146 0.0608218503 0.0547318066 0.0166932161 ;  ...
-0.1658531129 -0.0669701985 -0.1101052825 -0.0059649109 -0.0547511982 ;  ...
-0.1719957971 -0.0720568393 -0.0380093327 -0.0414670974 -0.0808559604 ];

L4_b_out03 = -0.1388419696;

L4_K_out04_in01 = ...
[-0.0385468036 -0.0818843809 0.0845490852 0.1408484766 0.0742566722 ;  ...
0.0070203843 0.0284185977 -0.0220395395 0.0157158149 -0.0932128242 ;  ...
0.0484021428 0.0467069359 -0.0142797205 0.1522524157 -0.0128033519 ;  ...
0.1099869362 -0.0819669289 0.1121765878 0.0265425124 0.0273747974 ;  ...
-0.0161317110 0.0911221047 0.1228051975 0.1175634424 0.0774126151 ];

L4_K_out04_in02 = ...
[0.0063988906 -0.0534031843 0.0119623603 -0.0613414219 -0.0359883905 ;  ...
-0.0417671706 -0.0911377659 -0.1633372312 0.0528692928 0.0057789439 ;  ...
-0.0573174279 0.0513156622 -0.0136861464 -0.0149319734 -0.0893993470 ;  ...
-0.1566541397 0.0267523803 0.0484681911 0.0986674413 0.1308088989 ;  ...
-0.0446619437 0.0935464887 0.1062160859 0.0458751508 -0.0375845393 ];

